1
 0.7451769113540649
1
 0.7763048410415649
1
 0.7313803434371948
1
 0.8455634117126465
1
 0.7705129384994507
1
 0.7347774505615234
1
 0.7630820274353027
1
 0.7054454684257507
1
 0.708454430103302
1
 0.731589138507843
0
 0.7806430459022522
0
 0.8083459138870239
0
 0.8198524117469788
0
 0.9088050723075867
0
 0.7516844272613525
0
 0.7767228484153748
0
 0.7697994709014893
0
 0.8399093747138977
0
 0.7594607472419739
0
 0.7096112966537476
1
 0.7130742073059082
1
 0.848298966884613
1
 0.7215468883514404
1
 0.7537359595298767
1
 0.8112389445304871
1
 0.8213667273521423
1
 0.7762777209281921
1
 0.8582198023796082
1
 0.7341054677963257
1
 0.7488369941711426
0
 0.9165653586387634
0
 0.9529372453689575
0
 0.9321624636650085
0
 0.9800933599472046
0
 0.9949768781661987
0
 0.8330310583114624
0
 0.828978955745697
0
 0.918582558631897
0
 0.920970618724823
0
 0.963179349899292
1
 0.6819427013397217
1
 0.7096927165985107
1
 0.6995890140533447
1
 0.6665326952934265
1
 0.7015174031257629
1
 0.7967323660850525
1
 0.748615562915802
1
 0.7829080820083618
1
 0.8197137117385864
1
 0.9675713777542114
0
 0.7553512454032898
0
 0.8114521503448486
0
 0.7847750782966614
0
 0.6021812558174133
0
 0.7452245354652405
0
 0.7566350698471069
0
 0.7249047160148621
0
 0.7874708771705627
0
 0.8108581304550171
0
 0.775489330291748
1
 0.7870135307312012
1
 0.7322840690612793
1
 0.642005980014801
1
 0.7532002329826355
1
 0.7020947337150574
1
 0.7186365723609924
1
 0.7768089175224304
1
 0.7240522503852844
1
 0.6868529915809631
1
 0.6339236497879028
0
 0.7865775227546692
0
 0.868202805519104
0
 0.8781477808952332
0
 0.8441751003265381
0
 0.8646144866943359
0
 0.7291243076324463
0
 0.8604767322540283
0
 0.7835238575935364
0
 0.8965163826942444
0
 0.8604583144187927
1
 0.8464431166648865
1
 0.8227664232254028
1
 0.7857519388198853
1
 0.8014448285102844
1
 0.7681029438972473
1
 0.7617594003677368
1
 0.8178224563598633
1
 0.7558583617210388
1
 0.8472047448158264
1
 0.7907527089118958
0
 0.8342067003250122
0
 0.8557989001274109
0
 0.6627056002616882
0
 0.7525258660316467
0
 0.7960849404335022
0
 0.7522642016410828
0
 0.7248812913894653
0
 0.8203063011169434
0
 0.7937647104263306
0
 0.7543732523918152
